000001
000166
000627
000686
000712
000728
000750
000776
000783
000987
002142
002260
002500
002670
002673
002736
002797
002807
002839
002926
002936
002939
002945
002948
002958
002966
002977
002978
002979
002980
002981
002982
002983
002984
002985
002986
002987
002988
002989
002990
002991
002992
002993
002995
002996
002997
002999
003000
003001
003002
003003
003004
003005
003006
003007
003008
003009
003011
003012
003013
003015
003016
003017
003018
003019
003020
003022
003023
003025
003026
003027
003028
003029
003030
003031
003032
003033
003036
003037
003038
200011
200012
200016
200017
200019
200020
200025
200026
200028
200029
200030
200037
200045
200054
200055
200056
200058
200152
200168
200413
200429
200468
200488
200505
200512
200521
200530
200539
200541
200550
200553
200570
200581
200596
200613
200625
200706
200725
200726
200761
200771
200869
200986
200992
201872
300033
300059
300362
300820
300822
300823
300824
300825
300826
300827
300828
300829
300830
300831
300832
300833
300835
300836
300837
300838
300839
300840
300841
300842
300843
300846
300847
300848
300849
300850
300851
300852
300853
300855
300856
300857
300858
300859
300860
300861
300862
300863
300864
300865
300866
300867
300868
300869
300870
300871
300872
300873
300875
300876
300877
300878
300879
300880
300881
300882
300883
300884
300885
300886
300887
300888
300889
300890
300891
300892
300893
300894
300896
300897
300899
300900
300901
300902
300903
300905
300906
300907
300908
300909
300911
300912
300913
300915
300916
300917
300918
300919
300920
300921
300923
300925
300926
300927
300928
300929
300930
300931
300932
300933
300935
300936
300937
300938
300939
300940
300942
300945
300946
300948
300999
600000
600015
600016
600030
600036
600061
600109
600155
600291
600369
600610
600621
600816
600837
600864
600908
600909
600916
600918
600919
600926
600928
600958
600999
601009
601066
601077
601099
601108
601128
601162
601166
601169
601187
601198
601211
601229
601236
601288
601318
601319
601328
601336
601375
601377
601398
601456
601555
601568
601577
601601
601609
601628
601658
601686
601688
601696
601702
601788
601818
601827
601838
601860
601878
601881
601901
601916
601939
601956
601963
601988
601990
601995
601997
601998
603087
603095
603112
603155
603212
603221
603323
603353
603392
603408
603439
603565
603931
603948
603950
605001
605003
605005
605006
605008
605009
605018
605050
605055
605058
605066
605068
605077
605081
605088
605099
605100
605108
605111
605116
605118
605123
605128
605133
605136
605151
605155
605158
605166
605168
605169
605177
605178
605179
605186
605188
605198
605199
605218
605222
605228
605255
605258
605266
605268
605277
605288
605299
605318
605333
605336
605337
605338
605358
605366
605369
605376
605377
605388
605398
605399
605500
688004
688013
688017
688056
688059
688063
688069
688070
688093
688127
688129
688133
688135
688136
688156
688157
688158
688160
688165
688183
688219
688221
688229
688256
688277
688286
688289
688301
688308
688309
688311
688313
688317
688318
688336
688338
688350
688356
688377
688378
688386
688390
688393
688408
688418
688488
688500
688505
688510
688513
688519
688521
688526
688529
688536
688550
688551
688555
688556
688557
688559
688560
688561
688571
688577
688578
688580
688589
688590
688595
688596
688598
688607
688608
688617
688618
688619
688628
688656
688658
688665
688668
688669
688677
688678
688679
688686
688687
688689
688698
688699
688788
688819
689009
900929
900939
900948
900953
900957
